0.0751435610000044 0.208514401922002 0.941772720078006
0.955953583586961 0.504890954820439 2.40701621235348
0.126027501188219 0.301368025131524 0.950686977244914
0.584148889873177 0.734279380645603 1.43401839910075
0.298571736318991 0.491661842213944 1.10548163042404
0.187827317742631 0.616691642208025 0.758962993277237
0.487846597097814 0.0913981620687991 1.88429503212683
0.0756452817004174 0.145174919627607 1.00611564377323
0.966489461949095 0.123784096678719 2.80919482721947
0.749434507219121 0.471827992238104 2.02704102220014
0.0294149382971227 0.827246833825484 0.231583042768762
0.584899163106456 0.0307169081643224 2.13908141804859
0.759295031661168 0.695421937387437 1.8231681259349
0.896305806003511 0.267486575525254 2.52512503648177
0.447459185030311 0.895505795255303 0.999412574805319
0.968047511298209 0.82872167066671 2.10737335192971
0.672770620090887 0.127635457320139 2.21790578286164
0.377764683449641 0.314879982266575 1.44064938463271
0.903815116267651 0.380795522360131 2.42683471017517
0.0605433196760714 0.139991628471762 0.981095010880381
0.20405236305669 0.350154914194718 1.05794981191866
0.202384816715494 0.36307279439643 1.04169683903456
0.0380245847627521 0.60668964474462 0.469359524780884
0.036424603080377 0.939791408833116 0.133057797327638
0.691623540129513 0.951697829179466 1.43154925107956
0.0726715563796461 0.983955245930701 0.161387866828591
0.590802401304245 0.0464894052129239 2.13511539739557
0.924186640419066 0.745753871276975 2.10261940956116
0.709648821270093 0.34467821707949 2.0746194254607
0.736162625718862 0.137753668008372 2.33457158342935
0.849589756224304 0.446794970193878 2.25238454225473
0.434339944738895 0.81485375482589 1.0538261346519
0.804988916730508 0.236880788346753 2.37309704511426
0.0671562135685235 0.462525909766555 0.671786517370492
0.917950004572049 0.615852430230007 2.22004757891409
0.892568686977029 0.715288331732154 2.0698490422219
0.131527334917337 0.17515823780559 1.08789643202908
0.870042639551684 0.403834630269557 2.33625064883381
0.896487570134923 0.230250684544444 2.5627244557254
0.194726567715406 0.485712985042483 0.90374015038833
0.733339968370274 0.830349781783298 1.63633015495725
0.618181668920442 0.774904999183491 1.46145833865739
0.944733124226332 0.00177746987901628 2.88768877857365
0.716449397616088 0.206006760243326 2.22689203498885
0.845521627226844 0.322776357410476 2.36826689704321
0.124871931737289 0.950536126736552 0.299207736738026
0.856115634553134 0.195553058059886 2.51667821104638
0.293088956736028 0.46382586332038 1.12235205015168
0.561048297211528 0.552436340367422 1.56966025405563
0.00996538787148893 0.542631135554984 0.477299640187994
0.208758524619043 0.419347592163831 0.998169457074255
0.423243567580357 0.458641496486962 1.38784563867375
0.222924086032435 0.711092936806381 0.73475523525849
0.574998509837314 0.0662963814102113 2.08370063826442
0.681835836963728 0.941514094593003 1.42215757933445
0.847057589096949 0.789413859834895 1.904701318359
0.639425029046834 0.315683221211657 1.96316683688201
0.0986582040786743 0.954289925750345 0.243026482407004
0.0149658408481628 0.948730930685997 0.0812007510103285
0.699436869239435 0.84703856613487 1.551835172344
0.357362391194329 0.0447282197419554 1.6699965626467
0.544377086218446 0.467724653193727 1.62102951924317
0.717274251859635 0.749753255862743 1.68479524785653
0.32715406618081 0.586427332600579 1.06788079976104
0.859102137153968 0.753245546016842 1.96495872829109
0.754341562511399 0.640354748349637 1.86832837667316
0.06554653076455 0.759011747315526 0.372081314213574
0.985059881117195 0.29204073944129 2.6780790227931
0.760682180989534 0.981518742162734 1.53984561981633
0.400066831614822 0.871082821860909 0.929050841368735
0.324758084258065 0.847190606640652 0.802325561875477
0.125884075649083 0.639092401834205 0.612675749463961
0.187121252762154 0.306950367521495 1.06729213800281
0.909112652298063 0.348190969554707 2.47003433504142
0.555905536049977 0.173540575662628 1.93827049643733
0.421703189145774 0.676169853191823 1.16723652509972
0.239933910081163 0.240080781746656 1.23978703841567
0.309303908376023 0.938838332658634 0.679769484093413
0.0112832479644567 0.150206099497154 0.872360396431759
0.0536248027347028 0.746010821312666 0.36123878415674
0.128734008176252 0.0954716405831277 1.16199637576938
0.971165904542431 0.44750992464833 2.49482188443653
0.485597091261297 0.625169369159266 1.34602481336333
0.370991792529821 0.326675744261593 1.41530784079805
0.21244876133278 0.0263521925080568 1.3985453301575
0.531264257850125 0.307629839051515 1.75489867664874
0.10380105371587 0.855662583839148 0.351939523592591
0.0862502895761281 0.0681171666365117 1.10438341251574
0.178463639458641 0.721167426556349 0.635759852360934
0.33184229908511 0.882790965260938 0.780893632909283
0.58500340860337 0.301835611229762 1.86817120597698
0.331538478611037 0.695716016693041 0.967360940529034
0.350560012506321 0.361743518849835 1.33937650616281
0.255995012121275 0.943662976613268 0.568327047629282
0.285047143232077 0.874489879701287 0.695604406762868
0.398492091102526 0.801861042156816 0.995123140048236
0.870137909660116 0.41519650677219 2.32507931254804
0.131993919378147 0.580012074438855 0.683975764317438
0.83587940572761 0.52149419602938 2.15026461542584
0.287213729927316 0.452028373489156 1.12239908636548
0.444151536095887 0.778428062563762 1.10987500962801
0.428043500287458 0.334984320215881 1.52110268035904
0.162243059370667 0.730382231296971 0.594103887444362
0.636538320453838 0.590822092490271 1.6822545484174
0.315211874665692 0.799535018391907 0.830888730939478
0.103713982738554 0.0935616758652031 1.11386628961191
0.345840094843879 0.455436785705388 1.23624340398237
0.287618253845721 0.311775571899489 1.26346093579195
0.52393237198703 0.180496533866972 1.86736821010709
0.552149139344692 0.923902455950156 1.18039582273923
0.563306419411674 0.508011303376406 1.61860153544694
0.543767147697508 0.404691312694922 1.68284298270009
0.451426106737927 0.11491348198615 1.7879387314897
0.377910906681791 0.792583566857502 0.96323824650608
0.336977251339704 0.962977170944214 0.710977331735194
0.102959416573867 0.445478446315974 0.76044038683176
0.447608492104337 0.990343449171633 0.904873535037041
0.348318893928081 0.0132303764112294 1.68340741144493
0.583933748537675 0.181342438794672 1.98652505828068
0.669387948233634 0.288766074925661 2.05000982154161
0.376748545095325 0.655212517827749 1.0982845723629
0.109623189084232 0.643442304804921 0.575804073363543
0.266329762293026 0.965465032029897 0.567194492556155
0.664657233050093 0.319369454402477 2.00994501169771
0.461249507730827 0.722243252210319 1.20025576325133
0.481941757258028 0.459536761511117 1.50434675300494
0.834607425611466 0.896180993644521 1.77303385757841
0.826207800768316 0.0817038994282484 2.57071170210838
0.538580975495279 0.912536713760346 1.16462523723021
0.869843984721228 0.566872604889795 2.17281536455266
0.0259188732597977 0.4664456108585 0.585392135661095
0.0423128516413271 0.433382221730426 0.651243481552228
0.538568412186578 0.0842024085577577 1.9929344158154
0.485239814268425 0.0816621957346797 1.88881743280217
0.375349353300408 0.40981275239028 1.34088595421053
0.626993619836867 0.429816527059302 1.82417071261443
0.132002617232502 0.76396542112343 0.500039813341573
0.89066012063995 0.0335470004938543 2.74777324078605
0.121633813949302 0.144123943522573 1.09914368437603
0.441959923831746 0.233821094967425 1.65009875269607
0.365514733595774 0.791361198760569 0.939668268430978
0.558766249800101 0.316013921517879 1.80151857808232
0.77147993654944 0.974162065889686 1.56879780720919
0.225964093348011 0.35571925365366 1.09620893304236
0.683576691895723 0.771630228962749 1.5955231548287
0.422347506275401 0.0325757665559649 1.81211924599484
0.123713133158162 0.110980442725122 1.1364458235912
0.981110628461465 0.18430030788295 2.77792094903998
0.0892582656815648 0.535346721764654 0.643169809598476
0.264560184441507 0.375487166689709 1.1536332021933
0.180228705285117 0.459556852933019 0.900900557637215
0.65750829083845 0.472508347127587 1.84250823454931
0.694890770828351 0.607466749381274 1.78231479227543
0.640803254442289 0.897539625875652 1.38406688300893
0.896497125271708 0.0608205469325185 2.7321737036109
0.982832090463489 0.358462817966938 2.60720136296004
0.459451882634312 0.35350559768267 1.56539816758595
0.128759169019759 0.377425452694297 0.880092885345221
0.522281853016466 0.458230208139867 1.58633349789307
0.0382000152021646 0.654180417535827 0.422219612868503
0.352386723039672 0.648195900488645 1.0565775455907
0.478689759969711 0.778819394065067 1.17856012587436
0.987769532483071 0.319310147315264 2.65622891765088
0.837634942028672 0.692939342232421 1.98233054182492
0.689377136994153 0.120615405729041 2.25813886825927
0.252869628136978 0.202727556228638 1.30301170004532
0.577589149354026 0.600992847466841 1.55418545124121
0.844231550116092 0.0541637148708105 2.63429938536137
0.362101626815274 0.198631108505651 1.5255721451249
0.0548840151168406 0.755300575867295 0.354467454366386
0.769818567438051 0.433907330501825 2.10572980437428
0.334110385971144 0.635419378057122 1.03280139388517
0.321316360030323 0.140855406643823 1.50177731341682
0.822126610437408 0.622226444538683 2.02202677633613
0.169202030170709 0.69401056971401 0.644393490627408
0.48249198612757 0.240555833792314 1.72442813846283
0.785815085982904 0.0717270963359624 2.49990307562985
0.857581162126735 0.442728713853285 2.27243361040018
0.00713662127964199 0.134112733416259 0.880160509143025
0.126753031276166 0.776632468216121 0.476873594336212
0.849909241544083 0.933785216882825 1.76603326620534
0.364288432523608 0.655173638835549 1.07340322621167
0.94904108135961 0.0824470068328083 2.81563515588641
0.0456497799605131 0.132996858796105 0.958302701124921
0.0359015103895217 0.387992277974263 0.683810742804781
0.525266026845202 0.221930497558787 1.82860155613162
0.0118613268714398 0.862818313529715 0.160904340213165
0.691425362834707 0.022166358307004 2.36068436736241
0.438616571947932 0.725980786141008 1.15125235775486
0.792824351461604 0.0513242322485894 2.53432447067462
0.468553490238264 0.00380393443629146 1.93330304604024
0.181886388920248 0.289429377531633 1.07434340030886
0.766556731425226 0.101806038757786 2.43130742409267
0.808115204796195 0.266818292671815 2.34941211692058
0.936364889377728 0.282033837167546 2.59069594158791
0.521241575246677 0.543284031795338 1.49919911869802
0.725345586659387 0.366256012814119 2.08443516050465
0.393213557545096 0.466544843977317 1.31988227111287
0.303331752074882 0.275257141562179 1.33140636258759
0.616742871934548 0.343044303124771 1.89044144074433
0.417231994913891 0.832553389715031 1.00191060011275
0.0202291042078286 0.66383863450028 0.376619573915377
0.93247049045749 0.450539416400716 2.41440156451426
0.891549267573282 0.0288820369169116 2.75421649822965
0.0250450232997537 0.877957192715257 0.17213285388425
0.994264331879094 0.680576404556632 2.30795225920156
0.573660865891725 0.207875703461468 1.93944602832198
0.311486553866416 0.375529300188646 1.24744380754419
0.712866977322847 0.261849169852212 2.16388478479348
0.423797952011228 0.407187546370551 1.4404083576519
0.915755920810625 0.0305448293220252 2.80096701229922
0.733971285168082 0.98035479709506 1.4875877732411
0.447142592864111 0.973427277756855 0.920857907971367
0.256255954038352 0.363590771099553 1.14892113697715
0.424082766287029 0.708717816043645 1.13944771653041
0.0346930467057973 0.148852788610384 0.920533304801211
0.279559545451775 0.607090691337362 0.952028399566188
0.0914376296568662 0.668238064274192 0.514637195039541
0.911944930674508 0.508239695802331 2.31565016554669
0.990897614043206 0.633024815935642 2.34877041215077
0.363255186472088 0.642999107483774 1.0835112654604
0.419474679045379 0.309593430021778 1.52935592806898
0.67409553937614 0.597278277156875 1.7509128015954
0.0351868162397295 0.107207317603752 0.963166314875707
0.225769364042208 0.514979506609961 0.936559221474454
0.893234345130622 0.33963958453387 2.44682910572737
0.849556902889162 0.55845581041649 2.14065799536183
0.165034474339336 0.700481985928491 0.629586962750182
0.997763001127169 0.280437496025115 2.71508850622922
0.247940369183198 0.258748229127377 1.23713250923902
0.962371308123693 0.121844040695578 2.80289857555181
0.084601943846792 0.234648718731478 0.934555168962106
0.578638415085152 0.827596673741937 1.32968015642837
0.0660743757616729 0.608047214802355 0.524101536720991
0.448350489372388 0.0779893384315073 1.81871164031327
0.502318565966561 0.52705730474554 1.47757982718758
0.0685345381498337 0.111786091700196 1.02528298459947
0.552623705472797 0.802852617809549 1.30239479313605
0.220956305507571 0.0527352888602763 1.38917732215486
0.972047796938568 0.48477845126763 2.45931714260951
0.298667584778741 0.657924625091255 0.939410544466227
0.446566529106349 0.195603095926344 1.69752996228635
0.00033766170963645 0.208475969033316 0.792199354385957
0.688699275255203 0.597578113665804 1.7798204368446
0.67613794025965 0.257254224969074 2.09502165555023
0.279826656682417 0.0555678356904536 1.50408547767438
0.951719561358914 0.282192160142586 2.62124696257524
0.550207217689604 0.761740596499294 1.33867383887991
0.28319464228116 0.344292557798326 1.22209672676399
0.162331460276619 0.938898994820192 0.385763925733045
0.163928986992687 0.709588074823841 0.618269899161533
0.263566363370046 0.606693005654961 0.920439721085131
0.281568415695801 0.459935165243223 1.10320166614838
0.857061453163624 0.878144413465634 1.83597849286161
0.522878560703248 0.181143841007724 1.86461328039877
0.0746430275030434 0.891189749585465 0.258096305420622
0.12219588784501 0.103939421242103 1.14045235444792
0.112650012597442 0.64700683997944 0.578293185215443
0.310660504736006 0.584867038065568 1.03645397140644
0.908567052567378 0.0377746250014752 2.77935948013328
0.706755498424172 0.684598949272186 1.72891204757616
0.430567994015291 0.300303245894611 1.56083274213597
0.717966010095552 0.344641968607903 2.0912900515832
0.435136924497783 0.756843263050541 1.11343058594503
0.976366554852575 0.627413550857455 2.3253195588477
0.105469937203452 0.638721604831517 0.572218269575387
0.369047404499725 0.623152252985165 1.11494255601428
0.133024701382965 0.48548282799311 0.78056657477282
0.267691974760965 0.448862245539203 1.08652170398273
0.686011227080598 0.442307312740013 1.92971514142118
0.519504640018567 0.404623876325786 1.63438540371135
0.17632242757827 0.889011297374964 0.463633557781577
0.355355340754613 0.780627070227638 0.930083611281589
0.912920420756564 0.326047618873417 2.49979322263971
0.733999967807904 0.143155038356781 2.32484489725903
0.843959094025195 0.760851396480575 1.92706679156981
0.506482328521088 0.729529390577227 1.28343526646495
0.34544439939782 0.113987819291651 1.57690097950399
0.783511399989948 0.196374438004568 2.37064836197533
0.149372853338718 0.0454642358236015 1.25328147085384
0.584742160979658 0.994102242402732 1.17538207955658
0.802568662678823 0.108016728190705 2.49712059716694
0.172278839629143 0.384572241455317 0.95998543780297
0.0175254442729056 0.599490504944697 0.435560383601114
0.241400233237073 0.773340216139331 0.709460250334814
0.213254118338227 0.53721972508356 0.889288511592895
0.429079606896266 0.444388455012813 1.41377075877972
0.326856645522639 0.763832486700267 0.889880804345012
0.579554320545867 0.325208881869912 1.83389975922182
0.684111202834174 0.510877110529691 1.85734529513866
0.170432561077178 0.736315969377756 0.604549152776599
0.404617345426232 0.641431791242212 1.16780289961025
0.770345525583252 0.625286936294287 1.91540411487222
0.506102082552388 0.473525734618306 1.53867843048647
0.626264428254217 0.13322495133616 2.11930390517227
0.146827674936503 0.296422397019342 0.997232952853665
0.3186229551211 0.590863476041704 1.0463824342005
0.804192289477214 0.612165357451886 1.99621922150254
0.6420647574123 0.471695955609903 1.8124335592147
0.866238926304504 0.903947374550626 1.82853047805838
0.406219870317727 0.944860092597082 0.867579648038372
0.368829879676923 0.623199942521751 1.1144598168321
0.758391077397391 0.446958878543228 2.06982327625155
0.0103584106545895 0.736149359028786 0.284567462280393
0.476136775687337 0.598856125492603 1.35341742588207
0.805023952620104 0.27135342429392 2.33869448094629
0.617603020742536 0.658938776468858 1.57626726501621
0.866808996303007 0.477858209051192 2.25575978355482
0.555837801424786 0.370478921337053 1.74119668151252
0.00430995901115239 0.724396500270814 0.284223417751491
0.239458616124466 0.461258453782648 1.01765877846628
0.0931779209058732 0.0683835833333433 1.1179722584784
0.218090839451179 0.985094704199582 0.451086974702775
0.00798795511946082 0.184381941100582 0.831593969138339
0.886425940552726 0.854296950157732 1.91855493094772
0.187803954584524 0.506840600864962 0.868767308304086
0.683875033864751 0.720665494212881 1.64708457351662
0.735877859639004 0.65479525947012 1.81696045980789
0.325744188390672 0.479401132790372 1.17208724399097
0.736531595233828 0.446231131209061 2.0268320592586
0.286384219769388 0.664944967487827 0.90782347205095
0.606376490322873 0.414653542917222 1.79809943772852
0.778702844399959 0.162238616961986 2.39516707183793
0.455694814678282 0.645739816594869 1.26564981276169
0.292017716681585 0.677696751663461 0.906338681699708
0.314859279198572 0.272335328161716 1.35738323023543
0.0475038229487836 0.209701779996976 0.885305865900591
0.0550433464813977 0.0325268942397088 1.07755979872309
0.934183592675254 0.0631389373447746 2.80522824800573
0.101469022454694 0.40511834085919 0.797819704050198
0.811448298860341 0.534126333193853 2.08877026452683
0.827354963636026 0.0254447846673429 2.62926514260471
0.994853944284841 0.979906318243593 2.00980157032609
0.998035933356732 0.104596086777747 2.89147577993572
0.875119238626212 0.329506701091304 2.42073177616112
0.20211457950063 0.174016020260751 1.23021313874051
0.113627335056663 0.497989863622934 0.729264806490391
0.612550783669576 0.129134041490033 2.09596752584912
0.757017061347142 0.110823355149478 2.40321076754481
0.0151885987725109 0.752691209083423 0.277685988461599
0.225832361960784 0.612538573797792 0.839126150123775
0.160899911541492 0.835744420299307 0.486055402783677
0.948221487225965 0.82873858558014 2.06770438887179
0.119777033803985 0.511195766972378 0.728358300635591
0.186113090952858 0.423245515907183 0.948980665998533
0.04228555993177 0.315195105969906 0.769376013893634
0.559226977173239 0.575400818604976 1.5430531357415
0.307260729605332 0.867510113865137 0.747011345345527
0.149852534057572 0.416649152291939 0.883055915823206
0.709573931293562 0.0719212819822133 2.34722658060491
0.613453817320988 0.61618648073636 1.61072115390562
0.918028824497014 0.632553595351055 2.20350405364297
0.102929358370602 0.363308706553653 0.842550010187551
0.813763654557988 0.433815254131332 2.19371205498464
0.524837214266881 0.175567694474012 1.87410673405975
0.603918630862609 0.224940962623805 1.98289629910141
0.578663353109732 0.131963471882045 2.02536323433742
0.222736906958744 0.629573988495395 0.815899825422093
0.00460656872019172 0.628063696902245 0.381149440538138
0.594080223934725 0.711627603974193 1.47653284389526
0.472387360176072 0.296267907368019 1.64850681298412
0.63639841391705 0.775842659641057 1.49695416819304
0.936888175085187 0.336617404827848 2.53715894534253
0.504907990340143 0.906844990793616 1.10297098988667
0.894457961432636 0.122695146128535 2.66622077673674
0.319876274792477 0.0449033011682332 1.59484924841672
0.483142437413335 0.37494189129211 1.59134298353456
0.607082295464352 0.491014560917392 1.72315003001131
0.644603384193033 0.0380390929058194 2.25116767548025
0.019492601742968 0.703381932806224 0.335603270679712
0.985719091258943 0.46019212435931 2.51124605815858
0.166928208898753 0.0363029430154711 1.29755347478203
0.859439585125074 0.107208110857755 2.61167105939239
0.605417449492961 0.264094024896622 1.9467408740893
0.3872957858257 0.853587899589911 0.921003672061488
0.452267162967473 0.253473314223811 1.65106101171114
0.930123437196016 0.402324977796525 2.45792189659551
0.57621308346279 0.250414040172473 1.90201212675311
0.672905861632898 0.70902052312158 1.63679120014422
0.606758172623813 0.397341046249494 1.81617529899813
0.221975293010473 0.85707721230574 0.586873373715207
0.507907920517027 0.390411988366395 1.62540385266766
0.404721004655585 0.23897108854726 1.57047092076391
0.196111866971478 0.907156343571842 0.485067390371114
0.86386492033489 0.806603670818731 1.92112616985105
0.821159065468237 0.0744181673508137 2.56789996358566
0.336602670839056 0.720871238270774 0.952334103407338
0.850710836006328 0.450246030464768 2.25117564154789
0.841720521682873 0.275833474704996 2.40760756866075
0.107853012857959 0.781098237028345 0.434607788687572
0.244663333520293 0.0598641256801784 1.42946254136041
0.414767651120201 0.0651962005067617 1.76433910173364
0.261396603425965 0.805197951151058 0.717595255700871
0.588284519035369 0.132826216053218 2.04374282201752
0.0275125205516815 0.500905634136871 0.554119406966493
0.633727708831429 0.525605083443224 1.74185033421963
0.693607628112659 0.0594026774633676 2.32781257876195
0.373385658254847 0.730554302455857 1.01621701405384
0.0441829550545663 0.773146959254518 0.315218950854614
0.388843656983227 0.826629225397483 0.951058088568971
0.777775298804045 0.0101387244649231 2.54541187314317
0.193470079451799 0.574934619944543 0.812005538959056
0.769730671076104 0.326907259179279 2.21255408297293
0.268383473390713 0.885959390085191 0.650807556696236
0.621357616269961 0.700261062011123 1.5424541705288
0.276272451737896 0.4728370946832 1.07970780879259
0.897748642368242 0.28721831087023 2.50827897386625
0.428765911143273 0.780310618923977 1.07722120336257
0.157874048920348 0.764296003617346 0.55145209422335
0.0753172296099365 0.354128551203758 0.796505908016115
0.715219238074496 0.797668013256043 1.63277046289295
0.930492945946753 0.7857085687574 2.07527732313611
0.136790224350989 0.916217872640118 0.35736257606186
0.802711349446326 0.370252977591008 2.23516972130165
0.407946488820016 0.174742191797122 1.64115078584291
0.784850359428674 0.0564849621150643 2.51321575674228
0.866333659505472 0.329347999300808 2.40331931971014
0.509876954136416 0.8521665467415 1.16758736153133
0.42876436887309 0.644640706479549 1.21288803126663
0.0570767400786281 0.00317064090631902 1.11098283925094
0.79257595911622 0.242597619537264 2.34255429869518
0.978575180284679 0.517958465497941 2.43919189507142
0.447917696088552 0.664411491481587 1.23142390069552
0.338951933896169 0.940433792769909 0.737470075022429
0.713906703749672 0.543382410425693 1.88443099707365
0.171583560528234 0.018208100926131 1.32495902013034
0.329203073168173 0.706569010391831 0.951837135944515
0.84403184405528 0.734467866364866 1.95359582174569
0.26356098963879 0.611957443645224 0.915164535632357
0.171883603557944 0.688284419244155 0.655482787871733
0.390545175410807 0.211091212462634 1.56999913835898
0.6696516496595 0.354120759526268 1.98518253979273
0.113557792967185 0.488266641739756 0.738848944194615
0.552551671396941 0.78443836257793 1.32066498021595
0.615838887868449 0.12672643060796 2.10495134512894
0.298558050068095 0.271065970417112 1.32605012971908
0.105405171401799 0.409722112584859 0.801088230218738
0.0760493567213416 0.553179793991148 0.598918919451535
0.644954968476668 0.253395743435249 2.03651419351809
0.386241261614487 0.0389827669132501 1.73349975631572
0.0442534643225372 0.584641345543787 0.503865583101287
0.159744373057038 0.0480820022057742 1.2714067439083
0.95006549381651 0.379637288628146 2.52049369900487
0.48360139108263 0.594225281151012 1.37297750101425
0.672855169745162 0.296221058117226 2.0494892813731
0.0711124017834663 0.692074996884912 0.45014980668202
0.374851774191484 0.578963339328766 1.1707402090542
0.785599355353042 0.673011189792305 1.89818752091378
0.606576713733375 0.056116655934602 2.15703677153215
0.165788329904899 0.293856344884261 1.03772031492554
0.885922482935712 0.113978335168213 2.65786663070321
0.753099612891674 0.831831198185682 1.67436802759767
0.329551436472684 0.0520644132047892 1.60703845974058
0.703646416310221 0.434003999223933 1.97328883339651
0.124205590458587 0.273344923043624 0.97506625787355
0.986718175234273 0.598793688230217 2.37464266223833
0.987571006640792 0.936026878654957 2.03911513462663
0.313454177696258 0.135668036295101 1.49124031909741
0.95337224076502 0.189245997695252 2.71749848383479
0.496164406184107 0.879999648313969 1.11232916405424
0.242723824689165 0.256316148675978 1.22913150070235
0.459040515124798 0.900595512241125 1.01748551800847
0.843909681309015 0.700820802943781 1.98699855967425
0.0210126943420619 0.23404894862324 0.807976440060884
0.543354968074709 0.0741249118000269 2.01258502434939
0.133986217901111 0.952765501337126 0.315206934465095
0.637952285353094 0.115486495895311 2.16041807481088
0.155832473887131 0.60337099712342 0.708293950650841
0.562400295399129 0.760333073325455 1.3644675174728
0.919550112914294 0.856412603287026 1.98268762254156
0.670342104276642 0.156142633873969 2.18454157467932
0.173876180546358 0.333999042632058 1.01375331846066
0.627130881417543 0.932690277695656 1.32157148513943
0.362484207609668 0.347652669763193 1.37731574545614
0.597375003155321 0.237098926212639 1.957651080098
0.874554663430899 0.456308194668964 2.29280113219284
0.335168632213026 0.66414555744268 1.00619170698337
0.953443221049383 0.647727540694177 2.25915890140459
0.403253831434995 0.0792115156073123 1.72729614726268
0.571908049983904 0.0277377755846828 2.11607832438312
0.972443682374433 0.658455145312473 2.28643221943639
0.283643472706899 0.427890530787408 1.13939641462639
0.955617704428732 0.500724630896002 2.41051077796146
0.551598329329863 0.769685497041792 1.33351116161793
0.964284799760208 0.0261820512823761 2.90238754823804
0.880341931944713 0.964055348886177 1.79662851500325
0.231737742898986 0.346845670137554 1.11662981566042
0.78352041146718 0.525638434337452 2.04140238859691
0.981429862556979 0.455955309327692 2.50690441578627
0.185528691159561 0.207563578616828 1.16349380370229
0.38745179027319 0.938416751334444 0.836486829211935
0.909380717203021 0.941459040390328 1.87730239401571
0.905522426823154 0.609870833810419 2.20117401983589
0.309775698464364 0.60282952291891 1.01672187400982
0.760749956360087 0.460304206237197 2.06119570648298
0.00916255987249315 0.828419689787552 0.189905429957435
0.151406608521938 0.45316187851131 0.849651338532567
0.335414538625628 0.148426627507433 1.52240244974382
0.197591264732182 0.949283193564042 0.445899335900322
0.205776035087183 0.68827937846072 0.723272691713646
0.109253521077335 0.921373770106584 0.297133272048086
0.153063222067431 0.827419645385817 0.478706798749045
0.334900086512789 0.841288388706744 0.828511784318835
0.388138435548171 0.704097231384367 1.07217963971198
0.302747847279534 0.0649926431942731 1.54050305136479
0.393141674809158 0.934243480674922 0.852039868943393
0.00236324639990926 0.255785925546661 0.748940567253157
0.808989935787395 0.00604985724203289 2.61193001433276
0.134928341722116 0.646472120191902 0.62338456325233
0.307449876796454 0.242284940322861 1.37261481327005
0.971076468704268 0.735735062276945 2.20641787513159
0.73461928893812 0.489703280152753 1.97953529772349
0.00856796070002019 0.277413344709203 0.739722576690838
0.868418263737112 0.713774809380993 2.02306171809323
0.518822823418304 0.256924817338586 1.78072082949802
0.514324173331261 0.871043652761728 1.15760469390079
0.579024805687368 0.912114852340892 1.24593475903384
0.464062729617581 0.655247077811509 1.27287838142365
0.840772930998355 0.377706653205678 2.30383920879103
0.989784162025899 0.24973585177213 2.72983247227967
0.263801574939862 0.473787633469328 1.0538155164104
0.351582888746634 0.8018716101069 0.901294167386368
0.75986186019145 0.828921758104116 1.69080196227878
0.964036853518337 0.16646190918982 2.76161179784685
0.715636210050434 0.39301760494709 2.03825481515378
0.502923253923655 0.864205979509279 1.14164052833803
0.755620742449537 0.730713341152295 1.78052814374678
0.972129568923265 0.911291190655902 2.03296794719063
0.783654565922916 0.501190678915009 2.06611845293082
0.73193398094736 0.609860729193315 1.85400723270141
0.772692633792758 0.991829604376107 1.55355566320941
0.405274169286713 0.385002016555518 1.42554632201791
0.115888963919133 0.279460780555382 0.952317147282884
0.45833863154985 0.314487665658817 1.60218959744088
0.468077465193346 0.587411378975958 1.34874355141073
0.940702778752893 0.380587986670434 2.50081757083535
0.351835709763691 0.186557702254504 1.51711371727288
0.710272064665332 0.0746654046233743 2.34587872470729
0.825590354856104 0.315274300286546 2.33590640942566
0.578176435083151 0.821748399175704 1.3346044709906
0.431702383095399 0.687282973900437 1.17612179229036
0.232727779308334 0.905315598705783 0.560139959910884
0.17799438117072 0.120488208020106 1.23550055432133
0.395848927088082 0.0431983820162714 1.74849947215989
0.527059179497883 0.185459544416517 1.86865881457925
0.981906586093828 0.0184325100854039 2.94538066210225
0.804543339414522 0.20993663277477 2.39915004605427
0.195970606524497 0.183624108787626 1.20831710426137
0.824938375735655 0.744402271928266 1.90547447954305
0.813812958309427 0.55868055135943 2.06894536525942
0.668978911824524 0.706554407253861 1.63140341639519
0.939191221725196 0.960752819431946 1.91762962401845
0.814053203444928 0.924693627282977 1.70341277960688
0.932914548553526 0.795522229978815 2.07030686712824
0.69252765038982 0.884811577619985 1.50024372315966
0.592334949644282 0.388755876338109 1.79591402295046
0.448518188437447 0.980092753656209 0.916943623218685
0.199747008504346 0.25736345583573 1.14213056117296
0.37767025991343 0.473992986837402 1.28134753298946
0.20982691925019 0.260123731102794 1.15953010739759
0.142274684039876 0.609661490889266 0.674887877190486
0.816451489692554 0.428725680336356 2.20417729904875
0.141572885913774 0.445092675508931 0.838053096318617
0.128831759095192 0.138418233487755 1.11924528470263
0.476281406357884 0.808474507648498 1.14408830506727
0.751136324368417 0.794870527228341 1.70740212150849
0.86467272695154 0.98885746835731 1.74048798554577
0.0955325346440077 0.672878470737487 0.518186598550528
0.126526816980913 0.821462787454948 0.431590846506879
0.999594391090795 0.932790395105258 2.06639838707633
0.0532112999353558 0.0420220326632261 1.06440056720749
0.380945027805865 0.296202966477722 1.46568708913401
0.063183662481606 0.870663311565295 0.255704013397917
0.403602063423023 0.416992355138063 1.39021177170798
0.440250664250925 0.413559884764254 1.4669414437376
0.924874875927344 0.4544812371023 2.39526851475239
0.455867193406448 0.732730361167341 1.17900402564555
0.290939567377791 0.425194804323837 1.15668433043174
0.561568656004965 0.40442620893009 1.71871110307984
0.27771641802974 0.487521465867758 1.06791137019172
0.162186308996752 0.0498216932173818 1.27455092477612
0.38589780475013 0.29053064994514 1.48126495955512
0.644323275657371 0.827647402649745 1.460999148665
0.90103556169197 0.167720059864223 2.63435106351972
0.863084217533469 0.597422474762425 2.12874596030451
0.776949296938255 0.768693715566769 1.78520487830974
0.841090757399797 0.745146194472909 1.93703532032669
0.986409380566329 0.226657565217465 2.74616119591519
0.614057746250182 0.571922083152458 1.65619340934791
0.361455249134451 0.631293047685176 1.09161745058373
0.94616144686006 0.0961236492730677 2.79619924444705
0.582263469696045 0.770560213364661 1.39396672602743
0.132785922382027 0.011284525739029 1.25428731902502
0.393540408229455 0.535540130455047 1.25154068600386
0.692644853843376 0.498663943726569 1.88662576396018
0.84847331000492 0.890534111531451 1.80641250847839
0.0824250150471926 0.507243885891512 0.657606144202873
0.516084549482912 0.131172249093652 1.90099684987217
0.753438675310463 0.817103300010785 1.68977405061014
0.417824536096305 0.418702636379749 1.41694643581286
0.447061144979671 0.830390228889883 1.06373206106946
0.0538175953552127 0.116349986288697 0.991285204421729
0.352990580257028 0.263080845586956 1.4429003149271
0.121977194445208 0.632035951130092 0.611918437760323
0.57482353807427 0.181051593041047 1.96859548310749
0.323153360048309 0.467921946663409 1.17838477343321
0.122285212157294 0.944464450469241 0.300105973845348
0.464833572972566 0.732444373657927 1.1972227722872
0.00307616009376943 0.176895529963076 0.829256790224463
0.311450897017494 0.364278115797788 1.2586236782372
0.368065445916727 0.697711490094662 1.03841940173879
0.369830420706421 0.848642327589914 0.891018513822928
0.188979999860749 0.765552005497739 0.612407994223759
0.647046552971005 0.780146453529596 1.51394665241241
0.944810980465263 0.588559099473059 2.30106286145747
0.276074902852997 0.415791963227093 1.1363578424789
0.368094062898308 0.812628060346469 0.923560065450147
0.86293397587724 0.971353082451969 1.75451486930251
0.0119115035049617 0.12363729160279 0.900185715407133
0.267060306156054 0.5246374506969 1.00948316161521
0.914503709413111 0.196205009939149 2.63280240888707
0.690162601415068 0.0745439908932894 2.30578121193685
0.0458076938521117 0.267610395560041 0.824004992144182
0.890419671544805 0.484564390499145 2.29627495259047
0.10346219362691 0.99963085539639 0.207293531857431
0.216228898847476 0.630453540943563 0.802004256751388
0.646233337465674 0.257241149665788 2.03522552526556
0.303216836415231 0.117719289148226 1.48871438368224
0.641804893501103 0.188788673374802 2.0948211136274
0.525272096740082 0.207788267405704 1.84275592607446
0.518171741161495 0.688255526823923 1.34808795549907
0.38919222401455 0.497253069421276 1.28113137860782
0.552371729630977 0.904754546703771 1.19998891255818
0.808142154477537 0.364926861133426 2.25135744782165
0.671071855118498 0.827566602034494 1.5145771082025
0.186935651116073 0.0401967081706971 1.33367459406145
0.51155971782282 0.189676790032536 1.8334426456131
0.747429911978543 0.694743681233376 1.80011614272371
0.335947395069525 0.473358194343746 1.1985365957953
0.334634738275781 0.280415874440223 1.38885360211134
0.232641907641664 0.221397954970598 1.24388586031273
0.553620394784957 0.0219278344884515 2.08531295508146
0.00907429470680654 0.208428739802912 0.809719849610701
0.860824543284252 0.465237941592932 2.25641114497557
0.0513196862302721 0.772458111867309 0.330181260593235
0.909491407219321 0.438728708075359 2.38025410636328
0.759591155219823 0.921132707735524 1.59804960270412
0.68664568499662 0.702957982663065 1.67033338733017
0.415477542905137 0.0825591098982841 1.74839597591199
0.575242766179144 0.957086102804169 1.19339942955412
0.286109481239691 0.286367919994518 1.28585104248486
0.236671350430697 0.918296643765643 0.555046057095751
0.0707781759556383 0.163436609320343 0.978119742590934
0.757432353217155 0.556100539397448 1.95876416703686
0.436601554276422 0.650749118765816 1.22245398978703
0.933819086756557 0.658972335513681 2.20866583799943
0.586423566099256 0.536976147210225 1.63587098498829
0.24784672097303 0.775216930080205 0.720476511865854
0.803328660782427 0.642432541120797 1.96422478044406
0.254971980582923 0.880441031651571 0.629502929514274
0.5512294692453 0.51187844062224 1.59058049786836
0.537572201574221 0.64278388931416 1.43236051383428
0.222105662105605 0.543299145065248 0.900912179145962
0.503087811172009 0.699929466471076 1.30624615587294
0.182201324030757 0.879601794062182 0.484800853999332
0.275669401744381 0.164447908755392 1.38689089473337
0.855979273095727 0.104335351847112 2.60762319434434
0.608565327245742 0.881737106945366 1.33539354754612
0.0989264359232038 0.135568472323939 1.06228439952247
0.0330104983877391 0.977732027182356 0.0882889695931226
0.212712207343429 0.671313439263031 0.754110975423828
0.760227023158222 0.118259341223165 2.40219470509328
0.33911649743095 0.932244443101808 0.745988551760092
0.0659704438876361 0.85630394378677 0.275636943988502
0.369120590388775 0.252403838559985 1.48583734221756
0.228655150858685 0.619531502015889 0.837778799701482
0.545172039652243 0.68682118691504 1.40352289238945
0.0208645858801901 0.209940180415288 0.831788991345093
0.384801281616092 0.438312778249383 1.3312897849828
0.994409832404926 0.27523858495988 2.71358107984997
0.420606501633301 0.469569969456643 1.37164303380996
0.869995592162013 0.791130822617561 1.94886036170647
0.465334088541567 0.536111085675657 1.39455709140748
0.401591642294079 0.564721661852673 1.23846162273549
0.26179535058327 0.0237481247168034 1.49984257644974
0.169550532940775 0.32848742371425 1.0106136421673
0.252373576629907 0.93229869636707 0.572448456892744
0.179456399288028 0.568465897114947 0.79044690146111
0.978173319948837 0.105453947093338 2.85089269280434
0.730488864239305 0.607447104994208 1.8535306234844
0.251404775772244 0.240337566938251 1.26247198460624
0.618866160744801 0.50860487180762 1.72912744968198
0.0694354334846139 0.299916286952794 0.838954580016434
0.586094735888764 0.0501629132777452 2.12202655849978
0.621485756710172 0.216601721011102 2.02636979240924
0.457276993663982 0.572897399310023 1.34165658801794
0.471039451193064 0.86905098031275 1.07302792207338
0.747806762345135 0.262260681949556 2.23335284274071
0.541729568969458 0.801487343851477 1.28197179408744
0.30454236199148 0.453416886273772 1.15566783770919
0.0459436632227153 0.871925244107842 0.219962082337588
0.0692528355866671 0.912244765320793 0.226260905852541
0.240564593812451 0.325295137008652 1.15583405061625
0.323621746152639 0.343061618506908 1.30418187379837
0.657687039580196 0.35452901548706 1.96084506367333
0.513008838053793 0.976117571815848 1.04990010429174
0.150225580437109 0.0137941064313054 1.28665705444291
0.650635021040216 0.916514610638842 1.38475543144159
0.241024814080447 0.447847570758313 1.03420205740258
0.545057947747409 0.707207356579602 1.38290853891522
0.655126729048789 0.585558903869241 1.72469455422834
0.971521672327071 0.230616959510371 2.71242638514377
0.993747044587508 0.232404057634994 2.75509003154002
0.483076371718198 0.629566339077428 1.33658640435897
0.556372605031356 0.640966586302966 1.47177862375975
0.842351411702111 0.318096310598776 2.36660651280545
0.917600375600159 0.346231277566403 2.48896947363392
0.173800234450027 0.81009585596621 0.537504612933844
0.8290843043942 0.967465717811137 1.69070289097726
0.219255544245243 0.184461283730343 1.25404980476014
0.367820371175185 0.374602217460051 1.36103852489032
0.510395828634501 0.00426350394263864 2.01652815332636
0.869336252799258 0.0336308672558516 2.70504163834266
0.78092001308687 0.00944433105178177 2.55239569512196
0.429123189533129 0.489026798401028 1.36921958066523
0.142076177988201 0.744186873314902 0.539965482661501
0.504948787856847 0.121579172322527 1.88831840339117
0.465718573192134 0.521317058941349 1.41012008744292
0.351596151711419 0.040719180367887 1.66247312305495
0.403106320649385 0.639209882123396 1.16700275917538
0.421567026292905 0.26672820514068 1.57640584744513
0.222148663597181 0.899416014784947 0.544881312409416
0.808393451152369 0.251415336737409 2.36537156556733
0.516116585349664 0.954479478066787 1.07775369263254
0.656679762760177 0.588780804537237 1.72457872098312
0.133830743143335 0.730392099358141 0.537269386928529
0.695822251960635 0.793254125397652 1.59839037852362
0.50881816749461 0.211235049413517 1.8064012855757
0.998898010700941 0.307974225142971 2.68982179625891
0.519660591846332 0.842650798382238 1.19667038531043
0.964058766141534 0.102837132522836 2.82528039976023
0.873770324978977 0.505932425847277 2.24160822411068
0.821031962288544 0.0188768403604627 2.62318708421662
0.972886616829783 0.699241431895643 2.24653180176392
0.302659122040495 0.252705593127757 1.35261265095323
0.877285690046847 0.559436123352498 2.1951352567412
0.337957406416535 0.716069974703714 0.959844838129357
0.723680076887831 0.515946863684803 1.93141329009086
0.297970078419894 0.618785560596734 0.977154596243054
0.236009122338146 0.683925584657118 0.788092660019174
0.449261222733185 0.568934622686356 1.32958782278001
0.676961660850793 0.616811983985826 1.73711133771576
0.0990422687027603 0.0862262011505663 1.11185833625495
0.139087856514379 0.82530205603689 0.452873656991869
0.515237598447129 0.588339260779321 1.44213593611494
0.454094498418272 0.293674100423232 1.61451489641331
0.443779966095462 0.225729681551456 1.66183025063947
0.464506159536541 0.378364062402397 1.55064825667068
0.393521276069805 0.916076967027038 0.870965585112572
0.492879631230608 0.139038273598999 1.84672098886222
0.111335922265425 0.742969848681241 0.479701995849609
0.48176444019191 0.561304759932682 1.40222412045114
0.191767449956387 0.389682845911011 0.993852054001763
0.76458938093856 0.100324033759534 2.42885472811759
0.910892695188522 0.275820183102041 2.545965207275
0.235278100939468 0.880831550108269 0.589724651770666
0.299853296950459 0.39399960776791 1.20570698613301
0.0412538417149335 0.189482826506719 0.893024856923148
0.905190248740837 0.757360667921603 2.05301982956007
0.166930745122954 0.705529407365248 0.628332082880661
0.0833812144119292 0.291681251022965 0.875081177800894
0.53066511428915 0.481765701901168 1.57956452667713
0.855111635755748 0.00110370991751552 2.70911956159398
0.293535837437958 0.0418111998587847 1.54526047501713
0.790890017757192 0.734682874986902 1.84709716052748
0.346558470046148 0.627643862040713 1.06547307805158
0.451517415698618 0.00772750936448574 1.89530732203275
0.334966350579634 0.96933737793006 0.700595323229209
0.305324330693111 0.852537946775556 0.758110714610666
0.144982188474387 0.342845381004736 0.947118995944038
0.945867878617719 0.421985290478915 2.46975046675652
0.0909512634389102 0.722728439373896 0.459174087503925
0.183450027368963 0.22880774573423 1.1380923090037
0.19006273150444 0.263336291536689 1.11678917147219
0.690419033868238 0.576250623678789 1.80458744405769
0.646479982649907 0.391843654215336 1.90111631108448
0.453658240148798 0.533933665370569 1.37338281492703
0.261213133344427 0.914488449692726 0.607937816996127
0.993543688440695 0.902896276907995 2.0841910999734
0.466720161261037 0.97216762159951 0.961272700922564
0.133844801224768 0.650103257037699 0.617586345411837
0.635238696122542 0.332979757338762 1.93749763490632
0.54687035176903 0.727481545880437 1.36625915765762
0.982985897222534 0.0700475438497961 2.89592425059527
0.958654972026125 0.0596221820451319 2.85768776200712
0.145366243086755 0.410739229526371 0.87999325664714
0.288828931050375 0.360390143468976 1.21726771863177
0.874629603000358 0.230254031484947 2.51900517451577
0.194476488046348 0.393626454984769 0.995326521107927
0.59036319819279 0.981358944205567 1.19936745218001
0.298559111310169 0.0823034285567701 1.51481479406357
0.0392952079419047 0.226006547221914 0.852583868661895
0.585451118880883 0.299741215771064 1.8711610219907
0.546787353465334 0.954502074979246 1.13907263195142
0.427280024858192 0.112455844180658 1.74210420553572
0.792369166156277 0.340272995876148 2.24446533643641
0.566460995469242 0.851370959775522 1.28155103116296
0.385296816239133 0.151728019118309 1.61886561335996
0.084442185703665 0.869806508300826 0.299077863106504
0.843188010621816 0.318186287768185 2.36818973347545
0.759997742716223 0.201078733429313 2.31891675200313
0.889400093350559 0.0123050254769623 2.76649516122416
0.486647848971188 0.611768554197624 1.36152714374475
0.0960659291595221 0.842453798744828 0.349678059574217
0.517314195865765 0.342768690781668 1.69185970094986
0.593227336416021 0.409544128458947 1.7769105443731
0.718385600019246 0.276990495389327 2.15978070464917
0.552303469972685 0.257369020488113 1.84723791945726
0.421622568974271 0.841746048536152 1.00149908941239
0.273591003147885 0.287652543513104 1.25952946278267
0.648338723462075 0.045539838494733 2.25113760842942
0.723861234495416 0.525763942627236 1.9219585263636
0.773273485479876 0.264973905403167 2.28157306555659
0.739236501744017 0.0111224127467722 2.46735059074126
0.345526726450771 0.558547366643324 1.13250608625822
0.448056341847405 0.00914974277839065 1.88696294091642
0.882744933245704 0.92591631016694 1.83957355632447
0.496477339416742 0.484651593258604 1.50830308557488
0.636471810983494 0.809374365722761 1.46356925624423
0.0608685757033527 0.43315334036015 0.688583811046556
0.878449225099757 0.617788882227615 2.1391095679719
0.576898136409 0.414275785908103 1.7395204869099
0.915681430604309 0.302056122338399 2.52930673887022
0.618448039749637 0.919732993934304 1.31716308556497
0.19716994324699 0.311099929967895 1.08323995652609
0.894010337768123 0.615249559283257 2.17277111625299
0.179050544044003 0.842425422975793 0.515675665112212
0.729559931671247 0.154850256163627 2.30426960717887
0.672898242715746 0.388456483371556 1.95734000205994
0.254619933431968 0.574702997226268 0.934536869637668
0.524803546257317 0.266119851497933 1.7834872410167
0.26541194319725 0.958699316252023 0.572124570142478
0.841636920813471 0.978082096204162 1.70519174542278
0.519518891582265 0.448713432066143 1.59032435109839
0.735607152804732 0.28201842866838 2.18919587694108
0.554517062148079 0.663038464728743 1.44599565956742
0.572191294282675 0.914803923107684 1.22957866545767
0.511546251829714 0.46700289635919 1.55608960730024
0.863293748814613 0.311558134388179 2.41502936324105
0.527392329415306 0.301212903345004 1.75357175548561
0.210830175783485 0.753986645489931 0.667673706077039
0.0565671040676534 0.658368338597938 0.454765869537368
0.400410307571292 0.640322426101193 1.16049818904139
0.741585627663881 0.490581723861396 1.99258953146636
0.913257672917098 0.726751515176147 2.09976383065805
0.485667005181313 0.239625811344013 1.73170819901861
0.795122281648219 0.620769358472899 1.96947520482354
0.111224164487794 0.459206209983677 0.763242118991911
0.579551839502528 0.650664678309113 1.50843900069594
0.790157185867429 0.615539929131046 1.96477444260381
0.353394051548094 0.172762559261173 1.53402554383501
0.00720755476504564 0.812687638215721 0.201727471314371
0.947362746344879 0.573794608470052 2.32093088421971
0.154216471128166 0.974285140866414 0.334147801389918
0.912338131805882 0.90998078789562 1.91469547571614
0.0206923391669989 0.40623112488538 0.635153553448617
0.987766196019948 0.179996732855216 2.79553565918468
0.152471326524392 0.179494955809787 1.125447697239
0.165022868430242 0.216464295284823 1.11358144157566
0.896123248618096 0.251379717839882 2.54086677939631
0.907045255880803 0.466152103850618 2.34793840791099
0.588633673731238 0.969623011304066 1.20764433615841
0.446544255828485 0.982498522149399 0.910589989507571
0.632183357607573 0.87658803164959 1.38777868356556
0.993666670052335 0.26608939259313 2.72124394751154
0.636630298802629 0.111547164153308 2.16171343345195
0.763967479811981 0.957236577756703 1.57069838186726
0.507482294226065 0.20733921485953 1.8076253735926
0.728950956370682 0.176706812577322 2.28119510016404
0.889616212109104 0.386947983410209 2.392284440808
0.732826706487685 0.483921054052189 1.98173235892318
0.897335859714076 0.463122423505411 2.33154929592274
0.290400285972282 0.264982588356361 1.3158179835882
0.40482851699926 0.589875894133002 1.21978113986552
0.537956362590194 0.817071117227897 1.25884160795249
0.0927430191077292 0.4418576634489 0.743628374766558
0.0812990146223456 0.0897755736950785 1.07282245554961
0.734693551436067 0.0231374253053218 2.44624967756681
0.124416737817228 0.237972402013838 1.01086107362062
0.336495954543352 0.574871397111565 1.09812051197514
0.86263578874059 0.958979913732037 1.76629166374914
0.943274949910119 0.444153060438111 2.44239683938213
0.427920634159818 0.795139488764107 1.06070177955553
0.27713477704674 0.309803390409797 1.24446616368368
0.67705559800379 0.388432407518849 1.96567878848873
0.877758661052212 0.198674564948305 2.55684275715612
0.427619842113927 0.400102966697887 1.45513671752997
0.215390417492017 0.567354334285483 0.863426500698552
0.591645958367735 0.523565388517454 1.65972652821802
0.0663229362107813 0.866077431244776 0.266568441176787
0.237737048184499 0.649946579709649 0.825527516659349
0.995470460038632 0.842381898313761 2.1485590217635
0.403460365952924 0.424240829190239 1.38267990271561
0.867608040571213 0.605571634368971 2.12964444677345
0.400662754196674 0.226750339614227 1.57457516877912
0.853553970577195 0.63134126458317 2.07576667657122
0.45336107746698 0.106393522815779 1.80032863211818
0.839709783438593 0.0763316568918526 2.60308790998533
0.0820216252468526 0.912405321374536 0.25163792911917
0.315734989242628 0.413127004634589 1.21834297385067
0.359998297644779 0.956936264643446 0.763060330646113
0.489342375658453 0.69567135674879 1.28301339456812
0.979117634473369 0.507204041816294 2.45103122713044
0.335199451074004 0.483768271515146 1.18663063063286
0.193072117399424 0.288219134090468 1.09792510070838
0.747053357306868 0.819060222711414 1.67504649190232
0.87738159741275 0.483448591083288 2.27131460374221
0.416946456534788 0.274782886262983 1.55911002680659
0.555925425840542 0.673034497303888 1.4388163543772
0.137179423589259 0.190098476130515 1.084260371048
0.796392659656703 0.954807774862275 1.63797754445113
0.996845517074689 0.271434541791677 2.7222564923577
0.715684329159558 0.959510527784005 1.47185813053511
0.532860820647329 0.885460014687851 1.18026162660681
0.933363452088088 0.484709122683853 2.38201778149232
0.786529182223603 0.34626500075683 2.22679336369038
0.126578563824296 0.389810002408922 0.86334712523967
0.127128057181835 0.134991060709581 1.11926505365409
0.38916156324558 0.792671147501096 0.985651978990063
0.181199982063845 0.516793356277049 0.845606607850641
0.23766205785796 0.779227598337457 0.696096517378464
0.519469636259601 0.471972478786483 1.56696679373272
0.0411713880021125 0.404904671013355 0.67743810499087
0.338604772929102 0.64564657676965 1.03156296908855
0.493835302069783 0.422016776632518 1.56565382750705
0.734645233256742 0.242583443643525 2.22670702286996
0.310698998859152 0.142215742031112 1.47918225568719
0.654425250831991 0.350912309717387 1.9579381919466
0.0327936869580299 0.77132190647535 0.294265467440709
0.899872416863218 0.406696263700724 2.39304857002571
0.514544711681083 0.763137330533937 1.26595209282823
0.899972110753879 0.50742325745523 2.29252096405253
0.477647103369236 0.192625747295097 1.76266845944338
0.799673033412546 0.0800619560759515 2.51928411074914
0.471847831504419 0.905031777685508 1.03866388532333
0.324413057882339 0.732360094320029 0.916466021444649
0.216434764675796 0.71726676565595 0.715602763695642
0.722877660533413 0.640844635665417 1.80491068540141
0.911486844765022 0.552092614583671 2.27088107494637
0.192239688243717 0.501451646909118 0.883027729578316
0.104895678348839 0.798829896375537 0.410961460322142
0.141441692132503 0.162669470533729 1.12021391373128
0.0819346136413515 0.890581309562549 0.273287917720154
0.530261476291344 0.712925128173083 1.3475978244096
0.757700184127316 0.114387311507016 2.40101305674762
0.382651477120817 0.556692952057347 1.20861000218429
0.373746225144714 0.345205140765756 1.40228730952367
0.289292367408052 0.50002701068297 1.07855772413313
0.167630006559193 0.301778465043753 1.03348154807463
0.67100471444428 0.0408037763554603 2.3012056525331
0.616023748880252 0.72480851970613 1.50723897805437
0.824948276393116 0.147108634235337 2.50278791855089
0.776762107620016 0.637741717044264 1.91578249819577
0.544152168557048 0.915462849428877 1.17284148768522
0.488699688808993 0.919392880983651 1.05800649663433
0.498313575284556 0.0460686073638499 1.95055854320526
0.321603128686547 0.17088850075379 1.4723177566193
0.661484269658104 0.107475341996178 2.21549319732003
0.573276731651276 0.917809988604859 1.22874347469769
0.4930185591802 0.658141985302791 1.32789513305761
0.928660409990698 0.0138154726009816 2.84350534738041
0.496295424876735 0.225887147244066 1.7667037025094
0.548803317593411 0.2504528965801 1.84715373860672
0.795041043311357 0.799690630286932 1.79039145633578
0.469521208200604 0.194098606938496 1.74494380946271
0.504808351397514 0.903881354723126 1.1057353480719
0.464915041578934 0.130076387897134 1.79975369526073
0.494645287981257 0.832452933769673 1.15683764219284
0.442882804898545 0.866424612002447 1.01934099779464
0.428910873830318 0.725030665984377 1.13279108167626
0.50899626663886 0.714336869074032 1.30365566420369
0.257063056807965 0.731870046351105 0.782256067264825
0.484638596652076 0.625393486116081 1.34388370718807
0.401676341192797 0.0368843905162066 1.76646829186939
0.146924046333879 0.771998921176419 0.52184917149134
0.00307020172476768 0.583738007582724 0.422402395866811
0.0682123329024762 0.706857760669664 0.429566905135289
0.840749805327505 0.396004925947636 2.28549468470737
0.769298963714391 0.349883475573733 2.18871445185505
0.738773573655635 0.801959996810183 1.67558715050109
0.390261986525729 0.659794566920027 1.12072940613143
0.665293837431818 0.582707932917401 1.74787974194624
0.876671538688242 0.590578672243282 2.1627644051332
0.299522136803716 0.226043218979612 1.37300105462782
0.552464693086222 0.18353695073165 1.92139243544079
0.846857326105237 0.930386083200574 1.7633285690099
0.45829964755103 0.656807278981432 1.25979201612063
0.71103191934526 0.348877427401021 2.0731864112895
0.391659727552906 0.419906311668456 1.36341314343736
0.912383357761428 0.639299381058663 2.18546733446419
